Condition	Frequency	Block	Timing File	TaskObject#1			TaskObject#2			TaskObject#3			TaskObject#4			TaskObject#5			TaskObject#6	
1		1		4 3 5	trainmatch2	crc(0.2,[1 1 1], 0,  0,  0)	crc(0.2,[1 1 1], 1,  0,  0)	crc(0.2,[1 1 1], 0,   5,   5)	crc(0.2,[1 1 1], 1,   5,   5)	sqr(15,[1 0 0], 1,  0,  0)	crc(0.2,[0 0 0], 0,   -5,  -5)
2		1		4 3 5	trainmatch2	crc(0.2,[1 1 1], 0,  0,  0)	crc(0.2,[1 1 1], 1,  0,  0)	crc(0.2,[1 1 1], 0,  -5,  -5)	crc(0.2,[1 1 1], 1,  -5,  -5)	sqr(15,[1 0 0], 1,  0,  0)	crc(0.2,[0 0 0], 0,    5,   5)
3		1		4 3 6	trainmatch2	crc(0.2,[0 0 0], 0,  0,  0)	crc(0.2,[0 0 0], 1,  0,  0)	crc(0.2,[0 0 0], 0,   5,   5)	crc(0.2,[0 0 0], 1,   5,   5)	sqr(15,[1 0 0], 1,  0,  0)	crc(0.2,[1 1 1], 0,   -5,  -5)
4		1		4 3 6	trainmatch2	crc(0.2,[0 0 0], 0,  0,  0)	crc(0.2,[0 0 0], 1,  0,  0)	crc(0.2,[0 0 0], 0,  -5,  -5)	crc(0.2,[0 0 0], 1,  -5,  -5)	sqr(15,[1 0 0], 1,  0,  0)	crc(0.2,[1 1 1], 0,    5,   5)
5		1		1 	trainmatch2	crc(0.2,[1 1 1], 0,  0,  0)	crc(0.2,[1 1 1], 1,  0,  0)	crc(0.2,[1 1 1], 1,   0,  0)	crc(0.2,[1 1 1], 1,   0,  0)	sqr(15,[1 0 0], 1,  0,  0)	crc(0.2,[0.5 0.5 0.5], 0,   -5,  -5)
6		1		1 	trainmatch2	crc(0.2,[0 0 0], 0,  0,  0)	crc(0.2,[0 0 0], 1,  0,  0)	crc(0.2,[0 0 0], 1,   0,  0)	crc(0.2,[0 0 0], 1,   0,  0)	sqr(15,[1 0 0], 1,  0,  0)	crc(0.2,[0.5 0.5 0.5], 0,    5,   5)
7		1		2 3 5	trainmatch2	crc(0.2,[1 1 1], 0,  0,  0)	crc(0.2,[1 1 1], 1,  0,  0)	crc(0.2,[1 1 1], 1,   5,   5)	crc(0.2,[1 1 1], 1,   5,   5)	sqr(15,[1 1 1], 1,  0,  0)	crc(0.2,[0.5 0.5 0.5], 0,   -5,  -5)
8		1		2 3 5	trainmatch2	crc(0.2,[1 1 1], 0,  0,  0)	crc(0.2,[1 1 1], 1,  0,  0)	crc(0.2,[1 1 1], 1,  -5,  -5)	crc(0.2,[1 1 1], 1,  -5,  -5)	sqr(15,[1 1 1], 1,  0,  0)	crc(0.2,[0.5 0.5 0.5], 0,    5,   5)
9		1		2 3 6	trainmatch2	crc(0.2,[0 0 0], 0,  0,  0)	crc(0.2,[0 0 0], 1,  0,  0)	crc(0.2,[0 0 0], 1,   5,   5)	crc(0.2,[0 0 0], 1,   5,   5)	sqr(15,[1 1 1], 1,  0,  0)	crc(0.2,[0.5 0.5 0.5], 0,   -5,  -5)
10		1		2 3 6	trainmatch2	crc(0.2,[0 0 0], 0,  0,  0)	crc(0.2,[0 0 0], 1,  0,  0)	crc(0.2,[0 0 0], 1,  -5,  -5)	crc(0.2,[0 0 0], 1,  -5,  -5)	sqr(15,[1 1 1], 1,  0,  0)	crc(0.2,[0.5 0.5 0.5], 0,    5,   5)
